[gd_scene load_steps=4 format=3 uid="uid://3m6qonxfwunt"]

[ext_resource type="ArrayMesh" uid="uid://c0wedv0q44ook" path="res://Guitar2.obj" id="1_0vqio"]

[sub_resource type="CylinderShape3D" id="CylinderShape3D_bw1vs"]
height = 463.305

[sub_resource type="BoxShape3D" id="BoxShape3D_yxxp2"]
size = Vector3(1, 1, 9.78049)

[node name="Node3D" type="Node3D"]

[node name="Guitar2" type="MeshInstance3D" parent="."]
transform = Transform3D(3.11643, 8.81266, 3.55315, -6.48043, 4.70601, -5.98811, -6.94923, -0.436445, 7.17758, 0, 0, 0)
mesh = ExtResource("1_0vqio")

[node name="Strings" type="RigidBody3D" parent="."]

[node name="6_E_StringCollider" type="CollisionShape3D" parent="Strings"]
transform = Transform3D(0.499988, -0.00295375, 0.00186007, 0, 0.266438, 0.423097, -0.00349063, -0.423086, 0.266432, 52.522, 2.1738, -17)
shape = SubResource("CylinderShape3D_bw1vs")

[node name="5_A_StringCollider" type="CollisionShape3D" parent="Strings"]
transform = Transform3D(0.499993, -0.00221532, 0.00139506, 0, 0.266438, 0.423097, -0.00261798, -0.423091, 0.266434, 52.522, 0.094857, -17)
shape = SubResource("CylinderShape3D_bw1vs")

[node name="4_D_StringCollider" type="CollisionShape3D" parent="Strings"]
transform = Transform3D(0.499993, -0.00220798, 0.00140664, 0, 0.26865, 0.421696, -0.00261798, -0.42169, 0.268646, 52.522, -1.96622, -17)
shape = SubResource("CylinderShape3D_bw1vs")

[node name="3_G_StringCollider" type="CollisionShape3D" parent="Strings"]
transform = Transform3D(0.499993, -0.00220059, 0.00141818, 0, 0.270854, 0.420283, -0.00261798, -0.420278, 0.27085, 52.522, -4.33705, -17)
shape = SubResource("CylinderShape3D_bw1vs")

[node name="5_B_StringCollider" type="CollisionShape3D" parent="Strings"]
transform = Transform3D(0.499997, -0.00146375, 0.000950572, 0, 0.272319, 0.419335, -0.00174533, -0.419333, 0.272318, 52.522, -6.36238, -17)
shape = SubResource("CylinderShape3D_bw1vs")

[node name="1_E_StringCollider" type="CollisionShape3D" parent="Strings"]
transform = Transform3D(0.499997, -0.00145876, 0.000958224, 0, 0.274511, 0.417904, -0.00174533, -0.417901, 0.27451, 52.522, -8.53067, -17)
shape = SubResource("CylinderShape3D_bw1vs")

[node name="Frets" type="RigidBody3D" parent="."]

[node name="1_Fret" type="CollisionShape3D" parent="Frets"]
transform = Transform3D(0.999182, -0.0217292, -0.0340923, 0.0404283, 0.537037, 0.842589, 0, -0.843279, 0.537476, 51.6554, 54.4159, -106.932)
shape = SubResource("BoxShape3D_yxxp2")

[node name="2_Fret" type="CollisionShape3D" parent="Frets"]
transform = Transform3D(0.999182, -0.0217292, -0.0340923, 0.0404283, 0.537037, 0.842589, 0, -0.843279, 0.537476, 51.6554, 51.2023, -101.854)
shape = SubResource("BoxShape3D_yxxp2")

[node name="3_Fret" type="CollisionShape3D" parent="Frets"]
transform = Transform3D(0.999182, -0.0217292, -0.0340923, 0.0404283, 0.537037, 0.842589, 0, -0.843279, 0.537476, 51.8299, 48.3773, -97.406)
shape = SubResource("BoxShape3D_yxxp2")

[node name="4_Fret" type="CollisionShape3D" parent="Frets"]
transform = Transform3D(0.999182, -0.0217292, -0.0340923, 0.0404283, 0.537037, 0.842589, 0, -0.843279, 0.537476, 51.8233, 45.6626, -93.0772)
shape = SubResource("BoxShape3D_yxxp2")

[node name="5_Fret" type="CollisionShape3D" parent="Frets"]
transform = Transform3D(0.999182, -0.0217292, -0.0340923, 0.0404283, 0.537037, 0.842589, 0, -0.843279, 0.537476, 52.019, 42.9999, -88.934)
shape = SubResource("BoxShape3D_yxxp2")

[node name="6_Fret" type="CollisionShape3D" parent="Frets"]
transform = Transform3D(0.999182, -0.0217292, -0.0340923, 0.0404283, 0.537037, 0.842589, 0, -0.843279, 0.537476, 51.8945, 40.5707, -85.1386)
shape = SubResource("BoxShape3D_yxxp2")

[node name="7_Fret" type="CollisionShape3D" parent="Frets"]
transform = Transform3D(0.999182, -0.0217292, -0.0340923, 0.0404283, 0.537037, 0.842589, 0, -0.843279, 0.537476, 52.0286, 38.131, -81.3886)
shape = SubResource("BoxShape3D_yxxp2")

[node name="8_Fret" type="CollisionShape3D" parent="Frets"]
transform = Transform3D(0.999182, -0.0217292, -0.0340923, 0.0404283, 0.537037, 0.842589, 0, -0.843279, 0.537476, 52.0715, 35.8835, -77.8683)
shape = SubResource("BoxShape3D_yxxp2")

[node name="9_Fret" type="CollisionShape3D" parent="Frets"]
transform = Transform3D(0.999182, -0.0217292, -0.0340923, 0.0404283, 0.537037, 0.842589, 0, -0.843279, 0.537476, 52.0715, 33.8989, -74.6757)
shape = SubResource("BoxShape3D_yxxp2")

[node name="10_Fret" type="CollisionShape3D" parent="Frets"]
transform = Transform3D(0.999182, -0.0217292, -0.0340923, 0.0404283, 0.537037, 0.842589, 0, -0.843279, 0.537476, 52.0715, 32.0869, -71.6341)
shape = SubResource("BoxShape3D_yxxp2")

[node name="11_Fret" type="CollisionShape3D" parent="Frets"]
transform = Transform3D(0.999182, -0.0217292, -0.0340923, 0.0404283, 0.537037, 0.842589, 0, -0.843279, 0.537476, 52.0715, 30.3611, -68.8837)
shape = SubResource("BoxShape3D_yxxp2")

[node name="12_Fret" type="CollisionShape3D" parent="Frets"]
transform = Transform3D(0.999182, -0.0217292, -0.0340923, 0.0404283, 0.537037, 0.842589, 0, -0.843279, 0.537476, 52.0715, 28.506, -66.0794)
shape = SubResource("BoxShape3D_yxxp2")

[node name="13_Fret" type="CollisionShape3D" parent="Frets"]
transform = Transform3D(0.999182, -0.0217292, -0.0340923, 0.0404283, 0.537037, 0.842589, 0, -0.843279, 0.537476, 52.0715, 26.8342, -63.3614)
shape = SubResource("BoxShape3D_yxxp2")

[node name="14_Fret" type="CollisionShape3D" parent="Frets"]
transform = Transform3D(0.999182, -0.0217292, -0.0340923, 0.0404283, 0.537037, 0.842589, 0, -0.843279, 0.537476, 52.0715, 25.2163, -61.0532)
shape = SubResource("BoxShape3D_yxxp2")

[node name="15_Fret" type="CollisionShape3D" parent="Frets"]
transform = Transform3D(0.999182, -0.0217292, -0.0340923, 0.0404283, 0.537037, 0.842589, 0, -0.843279, 0.537476, 52.0715, 23.9004, -58.8529)
shape = SubResource("BoxShape3D_yxxp2")

[node name="16_Fret" type="CollisionShape3D" parent="Frets"]
transform = Transform3D(0.999182, -0.0217292, -0.0340923, 0.0404283, 0.537037, 0.842589, 0, -0.843279, 0.537476, 52.0715, 22.4012, -56.6202)
shape = SubResource("BoxShape3D_yxxp2")

[node name="17_Fret" type="CollisionShape3D" parent="Frets"]
transform = Transform3D(0.999182, -0.0217292, -0.0340923, 0.0404283, 0.537037, 0.842589, 0, -0.843279, 0.537476, 52.0715, 20.999, -54.4846)
shape = SubResource("BoxShape3D_yxxp2")

[node name="18_Fret" type="CollisionShape3D" parent="Frets"]
transform = Transform3D(0.999182, -0.0217292, -0.0340923, 0.0404283, 0.537037, 0.842589, 0, -0.843279, 0.537476, 52.0715, 19.8449, -52.7266)
shape = SubResource("BoxShape3D_yxxp2")

[node name="19_Fret" type="CollisionShape3D" parent="Frets"]
transform = Transform3D(0.999182, -0.0217292, -0.0340923, 0.0404283, 0.537037, 0.842589, 0, -0.843279, 0.537476, 52.0715, 18.8095, -50.9577)
shape = SubResource("BoxShape3D_yxxp2")

[node name="20_Fret" type="CollisionShape3D" parent="Frets"]
transform = Transform3D(0.999182, -0.0217292, -0.0340923, 0.0404283, 0.537037, 0.842589, 0, -0.843279, 0.537476, 52.0715, 17.7201, -49.2212)
shape = SubResource("BoxShape3D_yxxp2")
